image: submap_2.pgm
resolution: 0.050000
origin: [-4.431392, -12.920054, 0.000000]
negate: 0
occupied_thresh: 0.65
free_thresh: 0.196

