image: submap_3.pgm
resolution: 0.050000
origin: [-8.978299, -2.988363, 0.000000]
negate: 0
occupied_thresh: 0.65
free_thresh: 0.196

