image: submap_0.pgm
resolution: 0.050000
origin: [-5.483996, -15.657454, 0.000000]
negate: 0
occupied_thresh: 0.65
free_thresh: 0.196

