loc_mes_mX: 0.012264
loc_mes_vX: 0.000027
loc_mes_mY: 0.029146
loc_mes_vY: 0.000103
loc_mes_mT: 0.0035
loc_mes_vT: 0.000004
loc_mes_th1: 0.001
loc_mes_th2: 0.0001

